[[[[[ -2076.19455502   -247.29669397]
    [ -2737.04829728  -2058.33117368]
    [ -5814.76184267  -8780.3923367 ]]

   [[     0.          -7154.9438668 ]
    [-38960.27265138 -20520.54499365]
    [-14697.8275837   -6223.25176527]]

   [[     0.              0.        ]
    [     0.         -36856.02356285]
    [     0.          -3674.78942815]]]


  [[[     0.              0.        ]
    [-13259.88239708  -4460.35940347]
    [ -2933.30084256  -7860.48090033]]

   [[ -8595.8771153   -1298.05128106]
    [-33229.72289156 -17088.98357604]
    [ -5169.77110618  -3657.32826701]]

   [[     0.          -7839.29976627]
    [     0.         -36156.38771608]
    [     0.          -9374.89337221]]]


  [[[ -4122.63145      -513.05061133]
    [-10145.78403601  -1349.87458992]
    [ -1727.42405647 -11292.82100035]]

   [[     0.          -2223.05103263]
    [-47778.87185347 -25073.4197109 ]
    [-21670.30751086  -7346.6342443 ]]

   [[     0.          -3793.05174824]
    [     0.         -32643.94284235]
    [     0.         -10158.61953332]]]]



 [[[[ -1561.18955502      0.        ]
    [ -9784.41865532  -3664.41612602]
    [ -4781.55568         0.        ]]

   [[     0.          -3713.05736474]
    [-35334.50495823 -28968.845987  ]
    [-14463.57070695 -16289.1131193 ]]

   [[     0.          -7284.7997678 ]
    [     0.         -38195.2740559 ]
    [     0.          -3838.50925405]]]


  [[[     0.              0.        ]
    [-13775.36540133 -13033.79287001]
    [  -820.03        -7977.7176808 ]]

   [[ -2820.03            0.        ]
    [-42539.07742117 -23165.75034684]
    [-16503.85322279  -8291.05161288]]

   [[     0.          -8084.30600098]
    [     0.         -32817.69666745]
    [     0.         -12057.88504496]]]


  [[[  -880.045           0.        ]
    [-15848.59767459 -12646.0407626 ]
    [ -7720.89094308  -6330.6334062 ]]

   [[ -4440.045       -6384.30727364]
    [-24910.12796117 -31969.45561055]
    [-15943.78564708  -9020.37178263]]

   [[     0.          -3098.05270037]
    [     0.         -34362.7517428 ]
    [     0.          -7150.72805417]]]]



 [[[[     0.          -2153.34785562]
    [ -9060.41419436 -13166.02143121]
    [ -4689.49413682      0.        ]]

   [[     0.          -7840.891769  ]
    [-45284.63344019 -39914.71728654]
    [-15544.53866088      0.        ]]

   [[     0.              0.        ]
    [     0.         -36771.39205099]
    [     0.              0.        ]]]


  [[[ -1850.035       -1099.5221118 ]
    [-10460.11559396 -10524.38362611]
    [ -3250.07028918  -4050.39787189]]

   [[ -3600.035           0.        ]
    [-28549.97636287 -29190.01787191]
    [-24486.08056736 -12991.60030108]]

   [[     0.              0.        ]
    [     0.         -38774.70322804]
    [     0.              0.        ]]]


  [[[     0.              0.        ]
    [ -8371.01783575  -9796.53687353]
    [ -5105.77919244  -8166.51559935]]

   [[ -6933.5805          0.        ]
    [-48040.22731894 -32142.54367877]
    [-14292.31684157 -11156.10716534]]

   [[     0.          -4463.05476948]
    [     0.         -33322.99790988]
    [     0.              0.        ]]]]]