[[[[[    0.             0.        ]
    [ -380.038       -732.37495408]
    [ -299.81        -209.70089675]]

   [[    0.             0.        ]
    [    0.          -128.81182902]
    [    0.             0.        ]]

   [[    0.          -380.70060429]
    [    0.         -2775.93135627]
    [    0.          -297.70089675]]]


  [[[    0.             0.        ]
    [    0.          -269.86840043]
    [ -300.03        -269.50089675]]

   [[    0.             0.        ]
    [    0.          -418.91312921]
    [    0.             0.        ]]

   [[    0.             0.        ]
    [    0.         -2512.4639414 ]
    [    0.          -788.04169833]]]


  [[[    0.          -666.86803052]
    [ -400.04        -543.25227953]
    [ -806.16065334     0.        ]]

   [[    0.          -645.0314503 ]
    [    0.         -1064.08430655]
    [    0.             0.        ]]

   [[    0.             0.        ]
    [    0.         -2404.33843134]
    [    0.          -426.40089125]]]]



 [[[[    0.             0.        ]
    [ -335.0335         0.        ]
    [ -200.02           0.        ]]

   [[    0.             0.        ]
    [    0.             0.        ]
    [    0.             0.        ]]

   [[    0.             0.        ]
    [    0.             0.        ]
    [    0.             0.        ]]]


  [[[ -350.035          0.        ]
    [ -300.03           0.        ]
    [    0.             0.        ]]

   [[    0.             0.        ]
    [    0.             0.        ]
    [    0.             0.        ]]

   [[    0.             0.        ]
    [    0.             0.        ]
    [    0.             0.        ]]]


  [[[    0.             0.        ]
    [-1486.68045318     0.        ]
    [ -468.91808071     0.        ]]

   [[    0.             0.        ]
    [    0.             0.        ]
    [    0.             0.        ]]

   [[    0.             0.        ]
    [    0.             0.        ]
    [    0.             0.        ]]]]



 [[[[    0.             0.        ]
    [ -299.91           0.        ]
    [ -200.02           0.        ]]

   [[    0.             0.        ]
    [    0.             0.        ]
    [    0.             0.        ]]

   [[    0.             0.        ]
    [    0.             0.        ]
    [    0.             0.        ]]]


  [[[    0.             0.        ]
    [ -720.002          0.        ]
    [    0.             0.        ]]

   [[    0.             0.        ]
    [    0.             0.        ]
    [    0.             0.        ]]

   [[    0.             0.        ]
    [    0.             0.        ]
    [    0.             0.        ]]]


  [[[    0.             0.        ]
    [ -436.0436         0.        ]
    [    0.             0.        ]]

   [[    0.             0.        ]
    [    0.             0.        ]
    [    0.             0.        ]]

   [[    0.             0.        ]
    [    0.             0.        ]
    [    0.             0.        ]]]]]